id	是否职业	名称	角色类型	战场默认武器	职业	等级	力量	敏捷	智力	升级所需经验	下限	上限	下一级id	下一级id	引导id	段位等级	段位星级	卡组库id
id	isOcc	name	type	defaultWeapon	occupation	level	strength	agility	intelligence	lvUpExp	minExp	maxExp	lastLvID	nextLvID	guideID	rankID	star	cardGroup
int	int	string	int	int	int	int	int	int	int	int	int	int	int	int	int	int	int	int
1001	1	occ_1		1000001	0	1	12	5	5	100	0	100		1002				
1002	1	occ_1		1000001	0	2	14	6	6	120	101	220	1001	1003				
1003	1	occ_1		1000001	0	3	16	6	6	230	221	450	1002	1004				
1004	1	occ_1		1000001	0	4	18	7	7	610	451	1060	1003	1005				
1005	1	occ_1		1000001	0	5	20	8	8	1490	1061	2550	1004	1006				
1006	1	occ_1		1000001	0	6	22	9	9	3270	2551	5820	1005	1007				
1007	1	occ_1		1000001	0	7	24	9	9	6450	5821	12270	1006	1008				
1008	1	occ_1		1000001	0	8	26	10	10	11680	12271	23950	1007	1009				
1009	1	occ_1		1000001	0	9	28	11	11	19780	23951	43730	1008	1010				
1010	1	occ_1		1000001	0	10	30	12	12				1009					
1101		occ_1		1000001	0	10												
2001	1	occ_2		1000002	1	1	3	6	12	100	0	100		2002				
2002	1	occ_2		1000002	1	2	4	7	14	120	101	220	2001	2003				
2003	1	occ_2		1000002	1	3	4	8	16	230	221	450	2002	2004				
2004	1	occ_2		1000002	1	4	5	9	18	610	451	1060	2003	2005				
2005	1	occ_2		1000002	1	5	5	10	20	1490	1061	2550	2004	2006				
2006	1	occ_2		1000002	1	6	6	11	22	3270	2551	5820	2005	2007				
2007	1	occ_2		1000002	1	7	6	12	24	6450	5821	12270	2006	2008				
2008	1	occ_2		1000002	1	8	7	13	26	11680	12271	23950	2007	2009				
2009	1	occ_2		1000002	1	9	7	14	28	19780	23951	43730	2008	2010				
2010	1	occ_2		1000002	1	10	8	15	30				2009					
2101		occ_2		1000002	1	10												
3001	1	occ_3		1000003	2	1	6	8	9	100	0	100		3002				
3002	1	occ_3		1000003	2	2	6	9	10	120	101	220	3001	3003				
3003	1	occ_3		1000003	2	3	7	10	11	230	221	450	3002	3004				
3004	1	occ_3		1000003	2	4	8	11	12	610	451	1060	3003	3005				
3005	1	occ_3		1000003	2	5	8	11	13	1490	1061	2550	3004	3006				
3006	1	occ_3		1000003	2	6	9	12	14	3270	2551	5820	3005	3007				
3007	1	occ_3		1000003	2	7	10	14	16	6450	5821	12270	3006	3008				
3008	1	occ_3		1000003	2	8	11	16	18	11680	12271	23950	3007	3009				
3009	1	occ_3		1000003	2	9	13	18	20	19780	23951	43730	3008	3010				
3010	1	occ_3		1000003	2	10	14	19	22				3009					
3101		occ_3		1000003	2	10												
4001	1	occ_4		1000004	3	1	4	12	5	100	0	100		4002				
4002	1	occ_4		1000004	3	2	5	14	6	120	101	220	4001	4003				
4003	1	occ_4		1000004	3	3	6	16	7	230	221	450	4002	4004				
4004	1	occ_4		1000004	3	4	7	18	8	610	451	1060	4003	4005				
4005	1	occ_4		1000004	3	5	7	20	9	1490	1061	2550	4004	4006				
4006	1	occ_4		1000004	3	6	8	22	10	3270	2551	5820	4005	4007				
4007	1	occ_4		1000004	3	7	9	24	11	6450	5821	12270	4006	4008				
4008	1	occ_4		1000004	3	8	9	26	12	11680	12271	23950	4007	4009				
4009	1	occ_4		1000004	3	9	10	28	13	19780	23951	43730	4008	4010				
4010	1	occ_4		1000004	3	10	11	30	14				4009					
5001	1	occ_5		1000005	4	1	6	6	7	100	0	100		5002				
5002	1	occ_5		1000005	4	2	7	6	8	120	101	220	5001	5003				
5003	1	occ_5		1000005	4	3	8	7	9	230	221	450	5002	5004				
5004	1	occ_5		1000005	4	4	9	8	10	610	451	1060	5003	5005				
5005	1	occ_5		1000005	4	5	10	9	11	1490	1061	2550	5004	5006				
5006	1	occ_5		1000005	4	6	11	10	12	3270	2551	5820	5005	5007				
5007	1	occ_5		1000005	4	7	12	11	14	6450	5821	12270	5006	5008				
5008	1	occ_5		1000005	4	8	14	13	16	11680	12271	23950	5007	5009				
5009	1	occ_5		1000005	4	9	16	15	18	19780	23951	43730	5008	5010				
5010	1	occ_5		1000005	4	10	18	16	20				5009					
10001		occ_2		1000002	1	1	0	0	0	0								
10002		occ_2		1000002	1	2	0	0	0	0								
10003		boss_2_1		1000003	2	3	0	0	0	0								
10004		boss_2_1		1000003	2	4	0	0	0	0								
10005		boss_2_1		1000003	2	5	0	0	0	0								
10006		boss_2_1		1000003	2	6	0	0	0	0								
10007		boss_5_1		1000001	0	3	0	0	0	0								
10008		boss_5_1		1000001	0	4	0	0	0	0								
10009		boss_5_1		1000001	0	5	0	0	0	0								
10010		boss_5_1		1000001	0	6	0	0	0	0								
10011		boss_7_1		1000002	1	3	0	0	0	0								
10012		boss_7_1		1000002	1	4	0	0	0	0								
10013		boss_6_1		1000001	0	3	0	0	0	0								
10014		boss_6_1		1000001	0	4	0	0	0	0								
10015		boss_4_1		1000003	2	3	0	0	0	0								
10016		boss_4_1		1000003	2	4	0	0	0	0								
10017		boss_3_1		1000001	0	3	0	0	0	0								
10018		boss_3_1		1000001	0	4	0	0	0	0								
10019		boss_3_1		1000001	0	5	0	0	0	0								
10020		boss_3_1		1000001	0	6	0	0	0	0								
10021		boss_7_2		1000002	1	6	0	0	0	0								
10022		boss_7_2		1000002	1	7	0	0	0	0								
10023		boss_7_2		1000002	1	8	0	0	0	0								
10024		boss_7_2		1000002	1	9	0	0	0	0								
10025		boss_7_2		1000002	1	10	0	0	0	0								
10026		boss_3_2		1000001	0	6	0	0	0	0								
10027		boss_3_2		1000001	0	7	0	0	0	0								
10028		boss_3_2		1000001	0	8	0	0	0	0								
10029		boss_3_2		1000001	0	9	0	0	0	0								
10030		boss_3_2		1000001	0	10	0	0	0	0								
10031		boss_6_2		1000001	0	6	0	0	0	0								
10032		boss_6_2		1000001	0	7	0	0	0	0								
10033		boss_6_2		1000001	0	8	0	0	0	0								
10034		boss_6_2		1000001	0	9	0	0	0	0								
10035		boss_6_2		1000001	0	10	0	0	0	0								
10036		boss_4_2		1000003	2	6	0	0	0	0								
10037		boss_4_2		1000003	2	7	0	0	0	0								
10038		boss_4_2		1000003	2	8	0	0	0	0								
10039		boss_4_2		1000003	2	9	0	0	0	0								
10040		boss_4_2		1000003	2	10	0	0	0	0								
10041		boss_5_2		1000001	0	6	0	0	0	0								
10042		boss_5_2		1000001	0	7	0	0	0	0								
10043		boss_5_2		1000001	0	8	0	0	0	0								
10044		boss_5_2		1000001	0	9	0	0	0	0								
10045		boss_5_2		1000001	0	10	0	0	0	0								
10046		boss_1_1		1000002	1	3	0	0	0	0								
10047		boss_1_1		1000002	1	4	0	0	0	0								
10048		boss_1_1		1000002	1	5	0	0	0	0								
10049		boss_1_1		1000002	1	6	0	0	0	0								
10050		boss_1_1		1000002	1	7	0	0	0	0								
10051		boss_2_2		1000003	2	6	0	0	0	0								
10052		boss_2_2		1000003	2	7	0	0	0	0								
10053		boss_2_2		1000003	2	8	0	0	0	0								
10054		boss_5_3		1000001	0	9	0	0	0	0								
10055		boss_5_3		1000001	0	10	0	0	0	0								
10056		boss_5_3		1000001	0	11	0	0	0	0								
10057		boss_7_3		1000002	1	9	0	0	0	0								
10058		boss_7_3		1000002	1	10	0	0	0	0								
10059		boss_7_3		1000002	1	11	0	0	0	0								
10060		boss_6_3		1000001	0	9	0	0	0	0								
10061		boss_6_3		1000001	0	10	0	0	0	0								
10062		boss_6_3		1000001	0	11	0	0	0	0								
10063		boss_4_3		1000003	2	9	0	0	0	0								
10064		boss_4_3		1000003	2	10	0	0	0	0								
10065		boss_4_3		1000003	2	11	0	0	0	0								
10066		boss_3_3		1000001	0	9	0	0	0	0								
10067		boss_3_3		1000001	0	10	0	0	0	0								
10068		boss_3_3		1000001	0	11	0	0	0	0								
10069		boss_1_2		1000002	1	6	0	0	0	0								
10070		boss_1_2		1000002	1	7	0	0	0	0								
10071		boss_1_2		1000002	1	8	0	0	0	0								
10072		boss_2_3		1000003	2	9	0	0	0	0								
10073		boss_2_3		1000003	2	10	0	0	0	0								
10074		boss_2_3		1000003	2	11	0	0	0	0								
10075		boss_5_3		1000001	0	9	0	0	0	0								
10076		boss_5_3		1000001	0	10	0	0	0	0								
10077		boss_5_3		1000001	0	11	0	0	0	0								
10078		boss_7_3		1000002	1	9	0	0	0	0								
10079		boss_7_3		1000002	1	10	0	0	0	0								
10080		boss_7_3		1000002	1	11	0	0	0	0								
10081		boss_6_3		1000001	0	9	0	0	0	0								
10082		boss_6_3		1000001	0	10	0	0	0	0								
10083		boss_6_3		1000001	0	11	0	0	0	0								
10084		boss_4_3		1000003	2	9	0	0	0	0								
10085		boss_4_3		1000003	2	10	0	0	0	0								
10086		boss_4_3		1000003	2	11	0	0	0	0								
10087		boss_3_3		1000001	0	9	0	0	0	0								
10088		boss_3_3		1000001	0	10	0	0	0	0								
10089		boss_3_3		1000001	0	11	0	0	0	0								
10090		boss_1_3		1000002	1	9	0	0	0	0								
10091		boss_1_3		1000002	1	10	0	0	0	0								
10092		boss_1_3		1000002	1	11	0	0	0	0								
10093		boss_2_3		1000003	2	9	0	0	0	0								
10094		boss_2_3		1000003	2	10	0	0	0	0								
10095		boss_2_3		1000003	2	11	0	0	0	0								
10096		boss_5_3		1000001	0	9	0	0	0	0								
10097		boss_5_3		1000001	0	10	0	0	0	0								
10098		boss_5_3		1000001	0	11	0	0	0	0								
10099		boss_7_3		1000002	1	9	0	0	0	0								
6001		occ_1	1	1000001	0	1	8	3	3	0						1	1	11001
6002		occ_1	1	1000001	0	2	10	4	4	0						2	1	11001
6003		occ_1	1	1000001	0	3	12	5	5	0						3	1	11001
6004		occ_1	1	1000001	0	4	14	6	6	0						4	1	11001
6005		occ_1	1	1000001	0	5	17	7	7	0						5	1	11001
6006		occ_1	1	1000001	0	6	18	8	8	0						6	1	11001
6007		occ_1	1	1000001	0	7	21	9	9	0						7	1	11001
6008		occ_1	1	1000001	0	8	23	10	10	0						8	1	11001
6009		occ_1	1	1000001	0	9	25	11	11	0						8	3	11001
6010		occ_1	1	1000001	0	10	28	12	12	0						9	1	11001
6011		occ_1	1	1000001	0	1	8	3	3	0						9	3	11001
6012		occ_1	1	1000001	0	2	10	4	4	0						10	1	11001
6013		occ_1	1	1000001	0	3	12	5	5	0						10	3	11001
6014		occ_1	1	1000001	0	4	14	6	6	0						11	1	11001
6015		occ_1	1	1000001	0	5	17	7	7	0						11	3	11001
6016		occ_1	1	1000001	0	6	18	8	8	0						12	1	11001
6017		occ_1	1	1000001	0	7	21	9	9	0						12	3	11001
6018		occ_1	1	1000001	0	8	23	10	10	0						13	1	11001
6019		occ_1	1	1000001	0	9	25	11	11	0						13	7	11001
6020		occ_1	1	1000001	0	10	28	12	12	0						13	15	11001
6021		occ_1	2	1000001	0	1	8	3	3	0						1	1	11001
6022		occ_1	2	1000001	0	2	10	4	4	0						2	1	11001
6023		occ_1	2	1000001	0	3	12	5	5	0						3	1	11001
6024		occ_1	2	1000001	0	4	14	6	6	0						4	1	11001
6025		occ_1	2	1000001	0	5	17	7	7	0						5	1	11001
6026		occ_1	2	1000001	0	6	18	8	8	0						6	1	11001
6027		occ_1	2	1000001	0	7	21	9	9	0						7	1	11001
6028		occ_1	2	1000001	0	8	23	10	10	0						8	1	11001
6029		occ_1	2	1000001	0	9	25	11	11	0						8	3	11001
6030		occ_1	2	1000001	0	10	28	12	12	0						9	1	11001
6031		occ_1	2	1000001	0	1	8	3	3	0						9	3	11001
6032		occ_1	2	1000001	0	2	10	4	4	0						10	1	11001
6033		occ_1	2	1000001	0	3	12	5	5	0						10	3	11001
6034		occ_1	2	1000001	0	4	14	6	6	0						11	1	11001
6035		occ_1	2	1000001	0	5	17	7	7	0						11	3	11001
6036		occ_1	2	1000001	0	6	18	8	8	0						12	1	11001
6037		occ_1	2	1000001	0	7	21	9	9	0						12	3	11001
6038		occ_1	2	1000001	0	8	23	10	10	0						13	1	11001
6039		occ_1	2	1000001	0	9	25	11	11	0						13	7	11001
6040		occ_1	2	1000001	0	10	28	12	12	0						13	15	11001
